MINI_VECTOR_CAD_V1
LAYERS 3
LAYER "Background" 1 0 5
chunhat 0 0 800 450 vien 74 144 226 255 nen 232 244 248 255 net 1
chunhat 0 450 800 150 vien 46 125 50 255 nen 129 199 132 255 net 1
tron 680 120 50 vien 255 160 0 255 nen 255 213 79 255 net 3
tamgiac 50 450 220 200 380 450 vien 84 110 122 255 nen 176 190 197 204 net 2
tamgiac 260 450 420 240 580 450 vien 69 90 100 255 nen 144 164 174 204 net 2
LAYER "Architecture" 1 0 6
chunhat 200 320 220 160 vien 93 64 55 255 nen 255 248 225 255 net 3
tamgiac 180 320 310 190 440 320 vien 183 28 28 255 nen 229 57 53 255 net 3
chunhat 280 390 60 90 vien 78 52 46 255 nen 141 110 99 255 net 2
tron 330 440 4 vien 255 213 79 255 nen 255 193 7 255 net 1
chunhat 225 350 40 40 vien 21 101 192 255 nen 187 222 251 255 net 2
chunhat 355 350 40 40 vien 21 101 192 255 nen 187 222 251 255 net 2
LAYER "Nature" 1 0 5
doanthang 120 480 120 380 vien 93 64 55 255 nen 255 255 255 0 net 8
tron 120 350 45 vien 27 94 32 255 nen 76 175 80 230 net 2
doanthang 530 480 530 410 vien 78 52 46 255 nen 255 255 255 0 net 6
tamgiac 530 320 480 410 580 410 vien 27 94 32 255 nen 46 125 50 255 net 2
dagiac 620 490 626 502 638 504 630 514 632 526 620 520 608 526 610 514 602 504 614 502 vien 233 30 99 255 nen 244 143 177 255 net 1.5
